2067855 4.587628 8.323048
2000000 4.361764 8.024253
1500000 3.135265 5.896775
1200000 2.346719 4.727602
1000000 1.999482 4.015112
800000 1.505606 3.203180
500000 0.895765 1.891104
400000 0.693743 1.534345
300000 0.509062 1.179230
200000 0.325991 0.801676
150000 0.238964 0.538185
140000 0.225809 0.562904
130000 0.211014 0.507849
120000 0.193553 0.456550
100000 0.157524 0.402674
90000 0.139981 0.374962
80000 0.136486 0.330872
70000 0.122204 0.261909
60000 0.099043 0.207502
50000 0.079928 0.204174
40000 0.067096 0.155842
30000 0.043185 0.106572
20000 0.037115 0.082999
10000 0.017749 0.041856
9000 0.011040 0.035248
8000 0.013212 0.035049
7000 0.008530 0.029639
6000 0.011598 0.027016
5000 0.009839 0.014271
4000 0.007872 0.015461
3000 0.007070 0.011888
2000 0.004044 0.008756
1000 0.002273 0.003757
500 0.000696 0.002164
300 0.000451 0.001270
200 0.000273 0.001002
150 0.000344 0.000669
100 0.000158 0.000436
50 0.000134 0.000238
25 0.000075 0.000094
15 0.000062 0.000071
10 0.000054 0.000031
1 0.000031 0.000010
1 0.000043 0.000011
2067855 4.416259 0.000009
2067855 4.952576 0.003741
0 0.000000 0.000000
2067855 4.579542 0.000000
2067855 4.571532 0.000002
2067855 4.473888 0.000001
